333283335000 333333330000 333383325000 333433320000 333483315000 333533310000 333583305000 333633300000 333683295000 333733290000 333783285000 333833280000 333883275000 333933270000 333983265000 334033260000 334083255000 334133250000 334183245000 334233240000 334283235000 334333230000 334383225000 334433220000 334483215000 334533210000 334583205000 334633200000 334683195000 334733190000 334783185000 334833180000 334883175000 334933170000 334983165000 335033160000 335083155000 335133150000 335183145000 335233140000 335283135000 335333130000 335383125000 335433120000 335483115000 335533110000 335583105000 335633100000 335683095000 335733090000 335783085000 335833080000 335883075000 335933070000 335983065000 336033060000 336083055000 336133050000 336183045000 336233040000 336283035000 336333030000 336383025000 336433020000 336483015000 336533010000 336583005000 336633000000 336682995000 336732990000 336782985000 336832980000 336882975000 336932970000 336982965000 337032960000 337082955000 337132950000 337182945000 337232940000 337282935000 337332930000 337382925000 337432920000 337482915000 337532910000 337582905000 337632900000 337682895000 337732890000 337782885000 337832880000 337882875000 337932870000 337982865000 338032860000 338082855000 338132850000 338182845000 338232840000 338282835000 338332830000 338382825000 338432820000 338482815000 338532810000 338582805000 338632800000 338682795000 338732790000 338782785000 338832780000 338882775000 338932770000 338982765000 339032760000 339082755000 339132750000 339182745000 339232740000 339282735000 339332730000 339382725000 339432720000 339482715000 339532710000 339582705000 339632700000 339682695000 339732690000 339782685000 339832680000 339882675000 339932670000 339982665000 340032660000 340082655000 340132650000 340182645000 340232640000 340282635000 340332630000 340382625000 340432620000 340482615000 340532610000 340582605000 340632600000 340682595000 340732590000 340782585000 340832580000 340882575000 340932570000 340982565000 341032560000 341082555000 341132550000 341182545000 341232540000 341282535000 341332530000 341382525000 341432520000 341482515000 341532510000 341582505000 341632500000 341682495000 341732490000 341782485000 341832480000 341882475000 341932470000 341982465000 342032460000 342082455000 342132450000 342182445000 342232440000 342282435000 342332430000 342382425000 342432420000 342482415000 342532410000 342582405000 342632400000 342682395000 342732390000 342782385000 342832380000 342882375000 342932370000 342982365000 343032360000 343082355000 343132350000 343182345000 343232340000 
333333330000 333383335000 333433340000 333483345000 333533350000 333583355000 333633360000 333683365000 333733370000 333783375000 333833380000 333883385000 333933390000 333983395000 334033400000 334083405000 334133410000 334183415000 334233420000 334283425000 334333430000 334383435000 334433440000 334483445000 334533450000 334583455000 334633460000 334683465000 334733470000 334783475000 334833480000 334883485000 334933490000 334983495000 335033500000 335083505000 335133510000 335183515000 335233520000 335283525000 335333530000 335383535000 335433540000 335483545000 335533550000 335583555000 335633560000 335683565000 335733570000 335783575000 335833580000 335883585000 335933590000 335983595000 336033600000 336083605000 336133610000 336183615000 336233620000 336283625000 336333630000 336383635000 336433640000 336483645000 336533650000 336583655000 336633660000 336683665000 336733670000 336783675000 336833680000 336883685000 336933690000 336983695000 337033700000 337083705000 337133710000 337183715000 337233720000 337283725000 337333730000 337383735000 337433740000 337483745000 337533750000 337583755000 337633760000 337683765000 337733770000 337783775000 337833780000 337883785000 337933790000 337983795000 338033800000 338083805000 338133810000 338183815000 338233820000 338283825000 338333830000 338383835000 338433840000 338483845000 338533850000 338583855000 338633860000 338683865000 338733870000 338783875000 338833880000 338883885000 338933890000 338983895000 339033900000 339083905000 339133910000 339183915000 339233920000 339283925000 339333930000 339383935000 339433940000 339483945000 339533950000 339583955000 339633960000 339683965000 339733970000 339783975000 339833980000 339883985000 339933990000 339983995000 340034000000 340084005000 340134010000 340184015000 340234020000 340284025000 340334030000 340384035000 340434040000 340484045000 340534050000 340584055000 340634060000 340684065000 340734070000 340784075000 340834080000 340884085000 340934090000 340984095000 341034100000 341084105000 341134110000 341184115000 341234120000 341284125000 341334130000 341384135000 341434140000 341484145000 341534150000 341584155000 341634160000 341684165000 341734170000 341784175000 341834180000 341884185000 341934190000 341984195000 342034200000 342084205000 342134210000 342184215000 342234220000 342284225000 342334230000 342384235000 342434240000 342484245000 342534250000 342584255000 342634260000 342684265000 342734270000 342784275000 342834280000 342884285000 342934290000 342984295000 343034300000 343084305000 343134310000 343184315000 343234320000 343284325000 
333383325000 333433340000 333483355000 333533370000 333583385000 333633400000 333683415000 333733430000 333783445000 333833460000 333883475000 333933490000 333983505000 334033520000 334083535000 334133550000 334183565000 334233580000 334283595000 334333610000 334383625000 334433640000 334483655000 334533670000 334583685000 334633700000 334683715000 334733730000 334783745000 334833760000 334883775000 334933790000 334983805000 335033820000 335083835000 335133850000 335183865000 335233880000 335283895000 335333910000 335383925000 335433940000 335483955000 335533970000 335583985000 335634000000 335684015000 335734030000 335784045000 335834060000 335884075000 335934090000 335984105000 336034120000 336084135000 336134150000 336184165000 336234180000 336284195000 336334210000 336384225000 336434240000 336484255000 336534270000 336584285000 336634300000 336684315000 336734330000 336784345000 336834360000 336884375000 336934390000 336984405000 337034420000 337084435000 337134450000 337184465000 337234480000 337284495000 337334510000 337384525000 337434540000 337484555000 337534570000 337584585000 337634600000 337684615000 337734630000 337784645000 337834660000 337884675000 337934690000 337984705000 338034720000 338084735000 338134750000 338184765000 338234780000 338284795000 338334810000 338384825000 338434840000 338484855000 338534870000 338584885000 338634900000 338684915000 338734930000 338784945000 338834960000 338884975000 338934990000 338985005000 339035020000 339085035000 339135050000 339185065000 339235080000 339285095000 339335110000 339385125000 339435140000 339485155000 339535170000 339585185000 339635200000 339685215000 339735230000 339785245000 339835260000 339885275000 339935290000 339985305000 340035320000 340085335000 340135350000 340185365000 340235380000 340285395000 340335410000 340385425000 340435440000 340485455000 340535470000 340585485000 340635500000 340685515000 340735530000 340785545000 340835560000 340885575000 340935590000 340985605000 341035620000 341085635000 341135650000 341185665000 341235680000 341285695000 341335710000 341385725000 341435740000 341485755000 341535770000 341585785000 341635800000 341685815000 341735830000 341785845000 341835860000 341885875000 341935890000 341985905000 342035920000 342085935000 342135950000 342185965000 342235980000 342285995000 342336010000 342386025000 342436040000 342486055000 342536070000 342586085000 342636100000 342686115000 342736130000 342786145000 342836160000 342886175000 342936190000 342986205000 343036220000 343086235000 343136250000 343186265000 343236280000 343286295000 343336310000 
333433320000 333483345000 333533370000 333583395000 333633420000 333683445000 333733470000 333783495000 333833520000 333883545000 333933570000 333983595000 334033620000 334083645000 334133670000 334183695000 334233720000 334283745000 334333770000 334383795000 334433820000 334483845000 334533870000 334583895000 334633920000 334683945000 334733970000 334783995000 334834020000 334884045000 334934070000 334984095000 335034120000 335084145000 335134170000 335184195000 335234220000 335284245000 335334270000 335384295000 335434320000 335484345000 335534370000 335584395000 335634420000 335684445000 335734470000 335784495000 335834520000 335884545000 335934570000 335984595000 336034620000 336084645000 336134670000 336184695000 336234720000 336284745000 336334770000 336384795000 336434820000 336484845000 336534870000 336584895000 336634920000 336684945000 336734970000 336784995000 336835020000 336885045000 336935070000 336985095000 337035120000 337085145000 337135170000 337185195000 337235220000 337285245000 337335270000 337385295000 337435320000 337485345000 337535370000 337585395000 337635420000 337685445000 337735470000 337785495000 337835520000 337885545000 337935570000 337985595000 338035620000 338085645000 338135670000 338185695000 338235720000 338285745000 338335770000 338385795000 338435820000 338485845000 338535870000 338585895000 338635920000 338685945000 338735970000 338785995000 338836020000 338886045000 338936070000 338986095000 339036120000 339086145000 339136170000 339186195000 339236220000 339286245000 339336270000 339386295000 339436320000 339486345000 339536370000 339586395000 339636420000 339686445000 339736470000 339786495000 339836520000 339886545000 339936570000 339986595000 340036620000 340086645000 340136670000 340186695000 340236720000 340286745000 340336770000 340386795000 340436820000 340486845000 340536870000 340586895000 340636920000 340686945000 340736970000 340786995000 340837020000 340887045000 340937070000 340987095000 341037120000 341087145000 341137170000 341187195000 341237220000 341287245000 341337270000 341387295000 341437320000 341487345000 341537370000 341587395000 341637420000 341687445000 341737470000 341787495000 341837520000 341887545000 341937570000 341987595000 342037620000 342087645000 342137670000 342187695000 342237720000 342287745000 342337770000 342387795000 342437820000 342487845000 342537870000 342587895000 342637920000 342687945000 342737970000 342787995000 342838020000 342888045000 342938070000 342988095000 343038120000 343088145000 343138170000 343188195000 343238220000 343288245000 343338270000 343388295000 
333483315000 333533350000 333583385000 333633420000 333683455000 333733490000 333783525000 333833560000 333883595000 333933630000 333983665000 334033700000 334083735000 334133770000 334183805000 334233840000 334283875000 334333910000 334383945000 334433980000 334484015000 334534050000 334584085000 334634120000 334684155000 334734190000 334784225000 334834260000 334884295000 334934330000 334984365000 335034400000 335084435000 335134470000 335184505000 335234540000 335284575000 335334610000 335384645000 335434680000 335484715000 335534750000 335584785000 335634820000 335684855000 335734890000 335784925000 335834960000 335884995000 335935030000 335985065000 336035100000 336085135000 336135170000 336185205000 336235240000 336285275000 336335310000 336385345000 336435380000 336485415000 336535450000 336585485000 336635520000 336685555000 336735590000 336785625000 336835660000 336885695000 336935730000 336985765000 337035800000 337085835000 337135870000 337185905000 337235940000 337285975000 337336010000 337386045000 337436080000 337486115000 337536150000 337586185000 337636220000 337686255000 337736290000 337786325000 337836360000 337886395000 337936430000 337986465000 338036500000 338086535000 338136570000 338186605000 338236640000 338286675000 338336710000 338386745000 338436780000 338486815000 338536850000 338586885000 338636920000 338686955000 338736990000 338787025000 338837060000 338887095000 338937130000 338987165000 339037200000 339087235000 339137270000 339187305000 339237340000 339287375000 339337410000 339387445000 339437480000 339487515000 339537550000 339587585000 339637620000 339687655000 339737690000 339787725000 339837760000 339887795000 339937830000 339987865000 340037900000 340087935000 340137970000 340188005000 340238040000 340288075000 340338110000 340388145000 340438180000 340488215000 340538250000 340588285000 340638320000 340688355000 340738390000 340788425000 340838460000 340888495000 340938530000 340988565000 341038600000 341088635000 341138670000 341188705000 341238740000 341288775000 341338810000 341388845000 341438880000 341488915000 341538950000 341588985000 341639020000 341689055000 341739090000 341789125000 341839160000 341889195000 341939230000 341989265000 342039300000 342089335000 342139370000 342189405000 342239440000 342289475000 342339510000 342389545000 342439580000 342489615000 342539650000 342589685000 342639720000 342689755000 342739790000 342789825000 342839860000 342889895000 342939930000 342989965000 343040000000 343090035000 343140070000 343190105000 343240140000 343290175000 343340210000 343390245000 343440280000 
333533310000 333583355000 333633400000 333683445000 333733490000 333783535000 333833580000 333883625000 333933670000 333983715000 334033760000 334083805000 334133850000 334183895000 334233940000 334283985000 334334030000 334384075000 334434120000 334484165000 334534210000 334584255000 334634300000 334684345000 334734390000 334784435000 334834480000 334884525000 334934570000 334984615000 335034660000 335084705000 335134750000 335184795000 335234840000 335284885000 335334930000 335384975000 335435020000 335485065000 335535110000 335585155000 335635200000 335685245000 335735290000 335785335000 335835380000 335885425000 335935470000 335985515000 336035560000 336085605000 336135650000 336185695000 336235740000 336285785000 336335830000 336385875000 336435920000 336485965000 336536010000 336586055000 336636100000 336686145000 336736190000 336786235000 336836280000 336886325000 336936370000 336986415000 337036460000 337086505000 337136550000 337186595000 337236640000 337286685000 337336730000 337386775000 337436820000 337486865000 337536910000 337586955000 337637000000 337687045000 337737090000 337787135000 337837180000 337887225000 337937270000 337987315000 338037360000 338087405000 338137450000 338187495000 338237540000 338287585000 338337630000 338387675000 338437720000 338487765000 338537810000 338587855000 338637900000 338687945000 338737990000 338788035000 338838080000 338888125000 338938170000 338988215000 339038260000 339088305000 339138350000 339188395000 339238440000 339288485000 339338530000 339388575000 339438620000 339488665000 339538710000 339588755000 339638800000 339688845000 339738890000 339788935000 339838980000 339889025000 339939070000 339989115000 340039160000 340089205000 340139250000 340189295000 340239340000 340289385000 340339430000 340389475000 340439520000 340489565000 340539610000 340589655000 340639700000 340689745000 340739790000 340789835000 340839880000 340889925000 340939970000 340990015000 341040060000 341090105000 341140150000 341190195000 341240240000 341290285000 341340330000 341390375000 341440420000 341490465000 341540510000 341590555000 341640600000 341690645000 341740690000 341790735000 341840780000 341890825000 341940870000 341990915000 342040960000 342091005000 342141050000 342191095000 342241140000 342291185000 342341230000 342391275000 342441320000 342491365000 342541410000 342591455000 342641500000 342691545000 342741590000 342791635000 342841680000 342891725000 342941770000 342991815000 343041860000 343091905000 343141950000 343191995000 343242040000 343292085000 343342130000 343392175000 343442220000 343492265000 
333583305000 333633360000 333683415000 333733470000 333783525000 333833580000 333883635000 333933690000 333983745000 334033800000 334083855000 334133910000 334183965000 334234020000 334284075000 334334130000 334384185000 334434240000 334484295000 334534350000 334584405000 334634460000 334684515000 334734570000 334784625000 334834680000 334884735000 334934790000 334984845000 335034900000 335084955000 335135010000 335185065000 335235120000 335285175000 335335230000 335385285000 335435340000 335485395000 335535450000 335585505000 335635560000 335685615000 335735670000 335785725000 335835780000 335885835000 335935890000 335985945000 336036000000 336086055000 336136110000 336186165000 336236220000 336286275000 336336330000 336386385000 336436440000 336486495000 336536550000 336586605000 336636660000 336686715000 336736770000 336786825000 336836880000 336886935000 336936990000 336987045000 337037100000 337087155000 337137210000 337187265000 337237320000 337287375000 337337430000 337387485000 337437540000 337487595000 337537650000 337587705000 337637760000 337687815000 337737870000 337787925000 337837980000 337888035000 337938090000 337988145000 338038200000 338088255000 338138310000 338188365000 338238420000 338288475000 338338530000 338388585000 338438640000 338488695000 338538750000 338588805000 338638860000 338688915000 338738970000 338789025000 338839080000 338889135000 338939190000 338989245000 339039300000 339089355000 339139410000 339189465000 339239520000 339289575000 339339630000 339389685000 339439740000 339489795000 339539850000 339589905000 339639960000 339690015000 339740070000 339790125000 339840180000 339890235000 339940290000 339990345000 340040400000 340090455000 340140510000 340190565000 340240620000 340290675000 340340730000 340390785000 340440840000 340490895000 340540950000 340591005000 340641060000 340691115000 340741170000 340791225000 340841280000 340891335000 340941390000 340991445000 341041500000 341091555000 341141610000 341191665000 341241720000 341291775000 341341830000 341391885000 341441940000 341491995000 341542050000 341592105000 341642160000 341692215000 341742270000 341792325000 341842380000 341892435000 341942490000 341992545000 342042600000 342092655000 342142710000 342192765000 342242820000 342292875000 342342930000 342392985000 342443040000 342493095000 342543150000 342593205000 342643260000 342693315000 342743370000 342793425000 342843480000 342893535000 342943590000 342993645000 343043700000 343093755000 343143810000 343193865000 343243920000 343293975000 343344030000 343394085000 343444140000 343494195000 343544250000 
333633300000 333683365000 333733430000 333783495000 333833560000 333883625000 333933690000 333983755000 334033820000 334083885000 334133950000 334184015000 334234080000 334284145000 334334210000 334384275000 334434340000 334484405000 334534470000 334584535000 334634600000 334684665000 334734730000 334784795000 334834860000 334884925000 334934990000 334985055000 335035120000 335085185000 335135250000 335185315000 335235380000 335285445000 335335510000 335385575000 335435640000 335485705000 335535770000 335585835000 335635900000 335685965000 335736030000 335786095000 335836160000 335886225000 335936290000 335986355000 336036420000 336086485000 336136550000 336186615000 336236680000 336286745000 336336810000 336386875000 336436940000 336487005000 336537070000 336587135000 336637200000 336687265000 336737330000 336787395000 336837460000 336887525000 336937590000 336987655000 337037720000 337087785000 337137850000 337187915000 337237980000 337288045000 337338110000 337388175000 337438240000 337488305000 337538370000 337588435000 337638500000 337688565000 337738630000 337788695000 337838760000 337888825000 337938890000 337988955000 338039020000 338089085000 338139150000 338189215000 338239280000 338289345000 338339410000 338389475000 338439540000 338489605000 338539670000 338589735000 338639800000 338689865000 338739930000 338789995000 338840060000 338890125000 338940190000 338990255000 339040320000 339090385000 339140450000 339190515000 339240580000 339290645000 339340710000 339390775000 339440840000 339490905000 339540970000 339591035000 339641100000 339691165000 339741230000 339791295000 339841360000 339891425000 339941490000 339991555000 340041620000 340091685000 340141750000 340191815000 340241880000 340291945000 340342010000 340392075000 340442140000 340492205000 340542270000 340592335000 340642400000 340692465000 340742530000 340792595000 340842660000 340892725000 340942790000 340992855000 341042920000 341092985000 341143050000 341193115000 341243180000 341293245000 341343310000 341393375000 341443440000 341493505000 341543570000 341593635000 341643700000 341693765000 341743830000 341793895000 341843960000 341894025000 341944090000 341994155000 342044220000 342094285000 342144350000 342194415000 342244480000 342294545000 342344610000 342394675000 342444740000 342494805000 342544870000 342594935000 342645000000 342695065000 342745130000 342795195000 342845260000 342895325000 342945390000 342995455000 343045520000 343095585000 343145650000 343195715000 343245780000 343295845000 343345910000 343395975000 343446040000 343496105000 343546170000 343596235000 
333683295000 333733370000 333783445000 333833520000 333883595000 333933670000 333983745000 334033820000 334083895000 334133970000 334184045000 334234120000 334284195000 334334270000 334384345000 334434420000 334484495000 334534570000 334584645000 334634720000 334684795000 334734870000 334784945000 334835020000 334885095000 334935170000 334985245000 335035320000 335085395000 335135470000 335185545000 335235620000 335285695000 335335770000 335385845000 335435920000 335485995000 335536070000 335586145000 335636220000 335686295000 335736370000 335786445000 335836520000 335886595000 335936670000 335986745000 336036820000 336086895000 336136970000 336187045000 336237120000 336287195000 336337270000 336387345000 336437420000 336487495000 336537570000 336587645000 336637720000 336687795000 336737870000 336787945000 336838020000 336888095000 336938170000 336988245000 337038320000 337088395000 337138470000 337188545000 337238620000 337288695000 337338770000 337388845000 337438920000 337488995000 337539070000 337589145000 337639220000 337689295000 337739370000 337789445000 337839520000 337889595000 337939670000 337989745000 338039820000 338089895000 338139970000 338190045000 338240120000 338290195000 338340270000 338390345000 338440420000 338490495000 338540570000 338590645000 338640720000 338690795000 338740870000 338790945000 338841020000 338891095000 338941170000 338991245000 339041320000 339091395000 339141470000 339191545000 339241620000 339291695000 339341770000 339391845000 339441920000 339491995000 339542070000 339592145000 339642220000 339692295000 339742370000 339792445000 339842520000 339892595000 339942670000 339992745000 340042820000 340092895000 340142970000 340193045000 340243120000 340293195000 340343270000 340393345000 340443420000 340493495000 340543570000 340593645000 340643720000 340693795000 340743870000 340793945000 340844020000 340894095000 340944170000 340994245000 341044320000 341094395000 341144470000 341194545000 341244620000 341294695000 341344770000 341394845000 341444920000 341494995000 341545070000 341595145000 341645220000 341695295000 341745370000 341795445000 341845520000 341895595000 341945670000 341995745000 342045820000 342095895000 342145970000 342196045000 342246120000 342296195000 342346270000 342396345000 342446420000 342496495000 342546570000 342596645000 342646720000 342696795000 342746870000 342796945000 342847020000 342897095000 342947170000 342997245000 343047320000 343097395000 343147470000 343197545000 343247620000 343297695000 343347770000 343397845000 343447920000 343497995000 343548070000 343598145000 343648220000 
333733290000 333783375000 333833460000 333883545000 333933630000 333983715000 334033800000 334083885000 334133970000 334184055000 334234140000 334284225000 334334310000 334384395000 334434480000 334484565000 334534650000 334584735000 334634820000 334684905000 334734990000 334785075000 334835160000 334885245000 334935330000 334985415000 335035500000 335085585000 335135670000 335185755000 335235840000 335285925000 335336010000 335386095000 335436180000 335486265000 335536350000 335586435000 335636520000 335686605000 335736690000 335786775000 335836860000 335886945000 335937030000 335987115000 336037200000 336087285000 336137370000 336187455000 336237540000 336287625000 336337710000 336387795000 336437880000 336487965000 336538050000 336588135000 336638220000 336688305000 336738390000 336788475000 336838560000 336888645000 336938730000 336988815000 337038900000 337088985000 337139070000 337189155000 337239240000 337289325000 337339410000 337389495000 337439580000 337489665000 337539750000 337589835000 337639920000 337690005000 337740090000 337790175000 337840260000 337890345000 337940430000 337990515000 338040600000 338090685000 338140770000 338190855000 338240940000 338291025000 338341110000 338391195000 338441280000 338491365000 338541450000 338591535000 338641620000 338691705000 338741790000 338791875000 338841960000 338892045000 338942130000 338992215000 339042300000 339092385000 339142470000 339192555000 339242640000 339292725000 339342810000 339392895000 339442980000 339493065000 339543150000 339593235000 339643320000 339693405000 339743490000 339793575000 339843660000 339893745000 339943830000 339993915000 340044000000 340094085000 340144170000 340194255000 340244340000 340294425000 340344510000 340394595000 340444680000 340494765000 340544850000 340594935000 340645020000 340695105000 340745190000 340795275000 340845360000 340895445000 340945530000 340995615000 341045700000 341095785000 341145870000 341195955000 341246040000 341296125000 341346210000 341396295000 341446380000 341496465000 341546550000 341596635000 341646720000 341696805000 341746890000 341796975000 341847060000 341897145000 341947230000 341997315000 342047400000 342097485000 342147570000 342197655000 342247740000 342297825000 342347910000 342397995000 342448080000 342498165000 342548250000 342598335000 342648420000 342698505000 342748590000 342798675000 342848760000 342898845000 342948930000 342999015000 343049100000 343099185000 343149270000 343199355000 343249440000 343299525000 343349610000 343399695000 343449780000 343499865000 343549950000 343600035000 343650120000 343700205000 
333783285000 333833380000 333883475000 333933570000 333983665000 334033760000 334083855000 334133950000 334184045000 334234140000 334284235000 334334330000 334384425000 334434520000 334484615000 334534710000 334584805000 334634900000 334684995000 334735090000 334785185000 334835280000 334885375000 334935470000 334985565000 335035660000 335085755000 335135850000 335185945000 335236040000 335286135000 335336230000 335386325000 335436420000 335486515000 335536610000 335586705000 335636800000 335686895000 335736990000 335787085000 335837180000 335887275000 335937370000 335987465000 336037560000 336087655000 336137750000 336187845000 336237940000 336288035000 336338130000 336388225000 336438320000 336488415000 336538510000 336588605000 336638700000 336688795000 336738890000 336788985000 336839080000 336889175000 336939270000 336989365000 337039460000 337089555000 337139650000 337189745000 337239840000 337289935000 337340030000 337390125000 337440220000 337490315000 337540410000 337590505000 337640600000 337690695000 337740790000 337790885000 337840980000 337891075000 337941170000 337991265000 338041360000 338091455000 338141550000 338191645000 338241740000 338291835000 338341930000 338392025000 338442120000 338492215000 338542310000 338592405000 338642500000 338692595000 338742690000 338792785000 338842880000 338892975000 338943070000 338993165000 339043260000 339093355000 339143450000 339193545000 339243640000 339293735000 339343830000 339393925000 339444020000 339494115000 339544210000 339594305000 339644400000 339694495000 339744590000 339794685000 339844780000 339894875000 339944970000 339995065000 340045160000 340095255000 340145350000 340195445000 340245540000 340295635000 340345730000 340395825000 340445920000 340496015000 340546110000 340596205000 340646300000 340696395000 340746490000 340796585000 340846680000 340896775000 340946870000 340996965000 341047060000 341097155000 341147250000 341197345000 341247440000 341297535000 341347630000 341397725000 341447820000 341497915000 341548010000 341598105000 341648200000 341698295000 341748390000 341798485000 341848580000 341898675000 341948770000 341998865000 342048960000 342099055000 342149150000 342199245000 342249340000 342299435000 342349530000 342399625000 342449720000 342499815000 342549910000 342600005000 342650100000 342700195000 342750290000 342800385000 342850480000 342900575000 342950670000 343000765000 343050860000 343100955000 343151050000 343201145000 343251240000 343301335000 343351430000 343401525000 343451620000 343501715000 343551810000 343601905000 343652000000 343702095000 343752190000 
333833280000 333883385000 333933490000 333983595000 334033700000 334083805000 334133910000 334184015000 334234120000 334284225000 334334330000 334384435000 334434540000 334484645000 334534750000 334584855000 334634960000 334685065000 334735170000 334785275000 334835380000 334885485000 334935590000 334985695000 335035800000 335085905000 335136010000 335186115000 335236220000 335286325000 335336430000 335386535000 335436640000 335486745000 335536850000 335586955000 335637060000 335687165000 335737270000 335787375000 335837480000 335887585000 335937690000 335987795000 336037900000 336088005000 336138110000 336188215000 336238320000 336288425000 336338530000 336388635000 336438740000 336488845000 336538950000 336589055000 336639160000 336689265000 336739370000 336789475000 336839580000 336889685000 336939790000 336989895000 337040000000 337090105000 337140210000 337190315000 337240420000 337290525000 337340630000 337390735000 337440840000 337490945000 337541050000 337591155000 337641260000 337691365000 337741470000 337791575000 337841680000 337891785000 337941890000 337991995000 338042100000 338092205000 338142310000 338192415000 338242520000 338292625000 338342730000 338392835000 338442940000 338493045000 338543150000 338593255000 338643360000 338693465000 338743570000 338793675000 338843780000 338893885000 338943990000 338994095000 339044200000 339094305000 339144410000 339194515000 339244620000 339294725000 339344830000 339394935000 339445040000 339495145000 339545250000 339595355000 339645460000 339695565000 339745670000 339795775000 339845880000 339895985000 339946090000 339996195000 340046300000 340096405000 340146510000 340196615000 340246720000 340296825000 340346930000 340397035000 340447140000 340497245000 340547350000 340597455000 340647560000 340697665000 340747770000 340797875000 340847980000 340898085000 340948190000 340998295000 341048400000 341098505000 341148610000 341198715000 341248820000 341298925000 341349030000 341399135000 341449240000 341499345000 341549450000 341599555000 341649660000 341699765000 341749870000 341799975000 341850080000 341900185000 341950290000 342000395000 342050500000 342100605000 342150710000 342200815000 342250920000 342301025000 342351130000 342401235000 342451340000 342501445000 342551550000 342601655000 342651760000 342701865000 342751970000 342802075000 342852180000 342902285000 342952390000 343002495000 343052600000 343102705000 343152810000 343202915000 343253020000 343303125000 343353230000 343403335000 343453440000 343503545000 343553650000 343603755000 343653860000 343703965000 343754070000 343804175000 
333883275000 333933390000 333983505000 334033620000 334083735000 334133850000 334183965000 334234080000 334284195000 334334310000 334384425000 334434540000 334484655000 334534770000 334584885000 334635000000 334685115000 334735230000 334785345000 334835460000 334885575000 334935690000 334985805000 335035920000 335086035000 335136150000 335186265000 335236380000 335286495000 335336610000 335386725000 335436840000 335486955000 335537070000 335587185000 335637300000 335687415000 335737530000 335787645000 335837760000 335887875000 335937990000 335988105000 336038220000 336088335000 336138450000 336188565000 336238680000 336288795000 336338910000 336389025000 336439140000 336489255000 336539370000 336589485000 336639600000 336689715000 336739830000 336789945000 336840060000 336890175000 336940290000 336990405000 337040520000 337090635000 337140750000 337190865000 337240980000 337291095000 337341210000 337391325000 337441440000 337491555000 337541670000 337591785000 337641900000 337692015000 337742130000 337792245000 337842360000 337892475000 337942590000 337992705000 338042820000 338092935000 338143050000 338193165000 338243280000 338293395000 338343510000 338393625000 338443740000 338493855000 338543970000 338594085000 338644200000 338694315000 338744430000 338794545000 338844660000 338894775000 338944890000 338995005000 339045120000 339095235000 339145350000 339195465000 339245580000 339295695000 339345810000 339395925000 339446040000 339496155000 339546270000 339596385000 339646500000 339696615000 339746730000 339796845000 339846960000 339897075000 339947190000 339997305000 340047420000 340097535000 340147650000 340197765000 340247880000 340297995000 340348110000 340398225000 340448340000 340498455000 340548570000 340598685000 340648800000 340698915000 340749030000 340799145000 340849260000 340899375000 340949490000 340999605000 341049720000 341099835000 341149950000 341200065000 341250180000 341300295000 341350410000 341400525000 341450640000 341500755000 341550870000 341600985000 341651100000 341701215000 341751330000 341801445000 341851560000 341901675000 341951790000 342001905000 342052020000 342102135000 342152250000 342202365000 342252480000 342302595000 342352710000 342402825000 342452940000 342503055000 342553170000 342603285000 342653400000 342703515000 342753630000 342803745000 342853860000 342903975000 342954090000 343004205000 343054320000 343104435000 343154550000 343204665000 343254780000 343304895000 343355010000 343405125000 343455240000 343505355000 343555470000 343605585000 343655700000 343705815000 343755930000 343806045000 343856160000 
333933270000 333983395000 334033520000 334083645000 334133770000 334183895000 334234020000 334284145000 334334270000 334384395000 334434520000 334484645000 334534770000 334584895000 334635020000 334685145000 334735270000 334785395000 334835520000 334885645000 334935770000 334985895000 335036020000 335086145000 335136270000 335186395000 335236520000 335286645000 335336770000 335386895000 335437020000 335487145000 335537270000 335587395000 335637520000 335687645000 335737770000 335787895000 335838020000 335888145000 335938270000 335988395000 336038520000 336088645000 336138770000 336188895000 336239020000 336289145000 336339270000 336389395000 336439520000 336489645000 336539770000 336589895000 336640020000 336690145000 336740270000 336790395000 336840520000 336890645000 336940770000 336990895000 337041020000 337091145000 337141270000 337191395000 337241520000 337291645000 337341770000 337391895000 337442020000 337492145000 337542270000 337592395000 337642520000 337692645000 337742770000 337792895000 337843020000 337893145000 337943270000 337993395000 338043520000 338093645000 338143770000 338193895000 338244020000 338294145000 338344270000 338394395000 338444520000 338494645000 338544770000 338594895000 338645020000 338695145000 338745270000 338795395000 338845520000 338895645000 338945770000 338995895000 339046020000 339096145000 339146270000 339196395000 339246520000 339296645000 339346770000 339396895000 339447020000 339497145000 339547270000 339597395000 339647520000 339697645000 339747770000 339797895000 339848020000 339898145000 339948270000 339998395000 340048520000 340098645000 340148770000 340198895000 340249020000 340299145000 340349270000 340399395000 340449520000 340499645000 340549770000 340599895000 340650020000 340700145000 340750270000 340800395000 340850520000 340900645000 340950770000 341000895000 341051020000 341101145000 341151270000 341201395000 341251520000 341301645000 341351770000 341401895000 341452020000 341502145000 341552270000 341602395000 341652520000 341702645000 341752770000 341802895000 341853020000 341903145000 341953270000 342003395000 342053520000 342103645000 342153770000 342203895000 342254020000 342304145000 342354270000 342404395000 342454520000 342504645000 342554770000 342604895000 342655020000 342705145000 342755270000 342805395000 342855520000 342905645000 342955770000 343005895000 343056020000 343106145000 343156270000 343206395000 343256520000 343306645000 343356770000 343406895000 343457020000 343507145000 343557270000 343607395000 343657520000 343707645000 343757770000 343807895000 343858020000 343908145000 
333983265000 334033400000 334083535000 334133670000 334183805000 334233940000 334284075000 334334210000 334384345000 334434480000 334484615000 334534750000 334584885000 334635020000 334685155000 334735290000 334785425000 334835560000 334885695000 334935830000 334985965000 335036100000 335086235000 335136370000 335186505000 335236640000 335286775000 335336910000 335387045000 335437180000 335487315000 335537450000 335587585000 335637720000 335687855000 335737990000 335788125000 335838260000 335888395000 335938530000 335988665000 336038800000 336088935000 336139070000 336189205000 336239340000 336289475000 336339610000 336389745000 336439880000 336490015000 336540150000 336590285000 336640420000 336690555000 336740690000 336790825000 336840960000 336891095000 336941230000 336991365000 337041500000 337091635000 337141770000 337191905000 337242040000 337292175000 337342310000 337392445000 337442580000 337492715000 337542850000 337592985000 337643120000 337693255000 337743390000 337793525000 337843660000 337893795000 337943930000 337994065000 338044200000 338094335000 338144470000 338194605000 338244740000 338294875000 338345010000 338395145000 338445280000 338495415000 338545550000 338595685000 338645820000 338695955000 338746090000 338796225000 338846360000 338896495000 338946630000 338996765000 339046900000 339097035000 339147170000 339197305000 339247440000 339297575000 339347710000 339397845000 339447980000 339498115000 339548250000 339598385000 339648520000 339698655000 339748790000 339798925000 339849060000 339899195000 339949330000 339999465000 340049600000 340099735000 340149870000 340200005000 340250140000 340300275000 340350410000 340400545000 340450680000 340500815000 340550950000 340601085000 340651220000 340701355000 340751490000 340801625000 340851760000 340901895000 340952030000 341002165000 341052300000 341102435000 341152570000 341202705000 341252840000 341302975000 341353110000 341403245000 341453380000 341503515000 341553650000 341603785000 341653920000 341704055000 341754190000 341804325000 341854460000 341904595000 341954730000 342004865000 342055000000 342105135000 342155270000 342205405000 342255540000 342305675000 342355810000 342405945000 342456080000 342506215000 342556350000 342606485000 342656620000 342706755000 342756890000 342807025000 342857160000 342907295000 342957430000 343007565000 343057700000 343107835000 343157970000 343208105000 343258240000 343308375000 343358510000 343408645000 343458780000 343508915000 343559050000 343609185000 343659320000 343709455000 343759590000 343809725000 343859860000 343909995000 343960130000 
